up.UCvsHE
849
298
2282148
74969
1805478
2956526
2895470
1324352
2894788
1179664
2512240
1653434
1258
1267021
1982368
2955573
1338
2846609
2955710
1470066
1821625
1855883
157673
83554
1163398
2079234
195498
2886359
54299
2871493
2914041
2944914
62320
1848580
2867020
212663
2565554
2190
1017351
2782169
2734088
2738979
1487865
83557
1074311
2777957
2576903
1851167
67081
938288
2801033
2950074
2742673
2773709
93973
96232
1584
2508306
2202254
435905
2992843
2111
2867516
2083054
2653189
54005
381751
83552
2841283
72
2822847
658632
3050334
3004095
1694
1573712
2721243
2923375
1128151
522485
71999
2814275
430914
84096
255248
202956
2020311
2664893
485880
66821
1329899
287
33039
73913
2966554
1806216
1402
1608473
190895
1898474
1990687
558537
942880
2825975
29391
2775245
1674146
1594731
2135430
1647413
28151
113653
2864203
2979331
246787
1619153
2950245
1903694
1459637
1297617
2483402
1686
40520
75612
3071082
3073271
2804761
2021971
1855646
1643512
224402
1796620
34087
3071081
2863194
1578165
2754725
2956046
237609
1637837
163011
156453
3050254
1287640
1705394
3016097
1325102
410837
1871021
2699396
2764326
28072
2831148
552
291645
1572644
2652177
1971432
2583231
170679
2938948
286727
188913
820
2972485
1306274
336988
202950
67376
2902623
1778675
77022
2282475
263
1179675
1632
2972761
92942
56689
48296
2782176
2954054
1615674
1868734
1574269
2483403
233055
2656761
1667
33936
671267
298656
302406
2956268
3031916
980254
1813182
2054316
450
313590
2913495
2714948
2734096
184064
84156
2864218
28123
322509
398736
2813778
2083284
2597702
1902
702967
437897
2895286
1893
1302376
1111069
296544
3003260
1564138
1682113
2714934
3028711
458639
53376
2754694
754423
1932669
2739062
2782568
60519
2285
357276
206042
337479
157268
36805
2983228
2563664
224719
2895476
158847
985782
2072413
803
2497456
2078786
622488
2816912
2991074
456327
33037
290053
2686077
164393
715
1774273
2994319
3041765
984207
3016103
215743
29562
70864
2572594
35787
235559
1620816
43661
680026
759620
2933777
2972478
2016361
1648182
1288494
324767
3023936
459858
2916410
221027
1751095
28449
857252
1758189
312285
2763667
370111
347
1758390
480520
2714358
326522
1508644
2744515
28084
2929489
340146
33938
2785531
1218315
536044
29520
659243
2983267
2893471
2982533
2291597
1281
1763363
1794
3058374
2749040
2067065
46680
3049073
