up.OBvsHE
1074044
2017081
47835
56146
28090
1415657
2955761
1291540
2956064
2829816
2850559
1449897
747522
2955382
2955762
362837
907
45363
324078
2025658
2956048
1785128
2675795
1972134
423605
97478
142651
2955907
2810535
774
2853158
2683967
2789327
2983213
2749994
2748871
64471
134821
1332188
216936
216427
2845461
1839798
51364
2905879
53952
1925548
2517899
1985702
216964
2139
2681469
2726117
215578
1660078
91844
2955429
2870563
2675796
2115
52584
2599641
2663020
1758398
101534
2026191
2602067
2955383
573658
198252
556287
51365
2845153
2955578
2145
2974552
664662
751585
2715232
92402
472834
55603
785
1802984
143
251535
2792084
9
2557993
251540
33056
1751286
2098
2360
626940
1884907
216944
2925838
1525218
2719987
1743159
2968490
643214
2124
1675036
1623
142650
2675793
640030
399025
256618
2675781
754514
2601122
2120
157339
2121
92400
1545702
2883998
2094
1971485
141
2070537
50052
84378
2109
3072790
254247
2304606
2589974
2845474
2956698
2599308
781
29552
2004644
3070996
114885
2735436
2725268
2057808
86106
2745558
2814293
330922
216931
295596
1704307
2675792
2675790
1494
1542390
265960
1987356
1408191
38986
410072
146474
2726954
2845394
42858
2750995
2081049
2564099
1583100
169292
2141
2118
353851
216946
216933
33970
174587
216963
227942
51173
1653831
69896
1007676
336810
2681986
264636
2955735
417574
1556
1287055
1734049
33923
2500533
309806
2570586
264686
2508726
225084
2720720
2923364
2724
2675776
34105
2107
2746060
1041504
2105
308354
1576550
2130
1183377
2845411
36835
84377
2421
1501
519450
1513
216942
2066024
246969
2571116
2809031
3035694
2806443
547987
1498
260714
2763672
2108365
2996794
159
1211807
2607663
2961895
143495
236753
754517
216937
142649
29553
2123
1283
2930200
2099788
2855394
166485
353852
2116
1345117
538220
2698673
2488810
1813595
42422
2507159
2233998
214888
2095
2115978
116090
2871694
169480
3023090
3070999
313598
2818390
3070681
2143
3048493
94138
2955559
1002672
2965074
2202825
1749074
2999116
2675780
2849641
1278232
324079
1296
533
29501
1542
1302411
216938
1105171
29341
2912228
28227
2904121
2962659
336261
1561003
212
1677857
114186
2587861
3003229
40091
29380
86660
28187
33034
81459
43771
28035
626937
29378
2861775
2764325
2269374
2675786
549298
2590774
49118
2738
28198
1230341
1855336
1179777
147802
171286
76853
713887
29385
89586
411486
1462615
2725994
1550240
1307
2483110
2151
1911586
1519
28200
1193095
1982626
238834
1720083
519472
1534
2816908
2714353
669502
2740515
116085
1138822
2173831
2781774
29329
371036
48003
1396
392416
431306
2086577
573600
1315211
217159
1884916
32025
3050072
61635
1390185
2136
1581011
3031408
243899
29382
214851
1850254
2681987
2962858
2070337
1795032
754516
1295609
1162633
2068654
2493675
2306583
2576307
1488
1844999
53558
2483360
2293317
2843318
2742195
1085647
1286698
293388
2853258
1547445
1032242
2782163
1032072
83561
428411
2751170
2518994
2102
187101
755175
1646498
216934
33043
1660074
779
108150
83560
1773489
1659192
1959104
2562451
1250205
2419772
52764
2731219
2017483
1316444
1081631
2899121
2576904
89153
2954008
1185412
2589976
79880
163877
3003601
2694930
2759707
2963433
1852381
3024576
160233
2864211
1758178
2779445
219745
332101
1493
747
221822
399726
2096
1302659
2715735
218144
2931922
288965
1218494
171279
2860285
2048283
2714944
1260
2955726
1492737
36839
216935
640205
33991
2925782
2892442
360422
2845176
2841528
1404
2806552
1404367
78398
35786
301585
2955725
1124597
97138
1785996
169402
2042961
71237
949
253703
2763071
2331
37636
884684
2053287
436114
1736226
1346
1348
1654388
44008
29561
1705
2806205
39766
86664
2582913
29554
2708020
28199
2861285
106578
