down.CDvsHE&down.OBvsHE&down.UCvsHE
2749996
538949
2961896
2942997
2961597
68203
1964449
2175149
2730851
53409
304378
176102
2572050
2849642
58346
1068590
2871175
3025667
1664033
1649184
2722825
136468
2955563
478807
233316
2069256
1932360
2842350
1404411
1720343
328812
70771
69527
2594455
1827305
152297
2825845
68239
2202000
1033922
710648
2955875
2744519
2968968
2956099
355249
1699371
1603038
2592625
691437
1218177
2678256
2955989
650121
2906474
2876193
114687
1930
418223
743009
2724123
2994971
499555
2735317
2939414
680118
2594462
78331
137779
2819994
555573
2493674
2898151
72803
2951138
2058133
131081
1188315
2734126
133549
2841662
1309411
1964448
3064901
2901380
2601632
658642
56464
3041264
2305221
676210
2761047
1820160
1897061
2799680
1636423
1840265
1809
1138383
2752475
2795687
2845938
28128
1981042
2939415
1920861
3045157
2733329
1500687
2778051
2886044
2840457
2774873
1365176
29284
2696355
1285192
1805459
2005388
2964670
1925550
2983211
1500686
2614801
83771
54252
2170745
2933562
1239415
1436085
3047751
1048396
2201356
160825
2837956
2774461
2879620
2961596
58290
139
1636609
2819098
93929
2876194
413810
2955700
2867024
2590021
2675783
2592817
242703
108080
1437453
262324
2925837
300019
35742
84025
1095076
2734120
2571115
1043206
150120
2872311
2562582
3075121
50340
3048396
2675784
2768165
50339
3016091
1147137
2894079
2954096
1050624
2954099
2919913
138563
2733866
2175619
2560370
2099693
38290
486698
348043
1379040
1983750
1629
1499686
2732594
683047
2867021
1950
1608357
317660
2849039
2020377
2838877
2734033
3033384
1193712
39444
2846607
56877
1812480
1589270
570156
1353246
258505
1866325
2963431
2254
2986919
2317
2480810
2923272
2018052
2175329
1655644
2841594
2675794
35817
788
2734102
342949
2778059
931101
323273
164452
3032281
2675789
3002640
1821960
66892
2844309
2735316
2815936
3031996
2886045
2878202
1799
37929
35795
13773
39645
54077
360911
1112
204891
2909588
54254
1577685
2831966
3049799
665007
42256
337243
2855836
2778063
186171
1763535
1327989
1287736
1985341
146922
2871174
110505
2107713
718286
590652
2996004
2734260
2937985
2845081
117207
2954090
2170049
2107707
2571029
2080742
2684406
2929802
2895565
2968500
34007
110164
2419844
3035531
2845075
2751177
2938695
66428
75294
556288
766894
1145276
1736306
2575375
2841257
3015161
1436133
1775910
3039155
298333
2060312
2915130
2714941
51589
2738410
1442555
2968086
2843875
2961595
211114
2480625
2006
2133
3061626
634157
1979527
3064286
2486272
2675225
2731681
948519
2734037
39122
1496080
67308
2895475
404941
2681470
3019890
2419774
114
2761623
2023229
2107708
2778052
2736640
2895493
2982699
511746
221345
2599399
1710540
2955701
2778066
2925844
2934340
194424
1814
2991715
2991496
2742136
2748873
2851648
2843695
2483609
2993714
96241
1849032
84599
2894192
199136
1453760
1210884
658644
3075199
86188
2718875
29311
2505979
1532023
699041
489
2588535
2835531
2003315
3068632
322009
203192
56460
2987701
387343
2875777
2161747
1219491
2268461
2499144
69367
67282
2872158
1548720
326454
223392
2856823
1981041
1784719
2698900
483545
39692
2487344
2937524
2983246
2136173
1922602
595671
1031542
2855503
2560463
2058134
2598455
1907575
2966192
137584
2365044
110163
2684468
2527989
659352
435897
1427356
2895796
2742603
2789856
1050714
2911527
41675
2175664
66425
2499157
2045
745377
1632864
370777
2781978
157782
2997333
546874
2954088
34095
118126
2479546
2986803
59779
3062779
857417
2174846
67385
227605
2041
3056937
1775880
2086471
1183413
2845078
1534349
1714845
3033386
447217
1803865
2751478
3044187
2582905
2932253
2054173
2590785
202862
1333528
1791
328692
2705439
34021
319947
1768108
441500
37331
2746232
2904523
2963406
2911495
3004092
388640
62140
1045776
33887
2726189
443156
1874630
1333523
151416
1853682
2974023
147268
1636152
524884
2925843
53451
449461
53522
2078691
2821406
59737
2862866
1710541
296199
875328
106648
3068275
1920
2594265
1905847
82367
62088
106634
426117
2026624
2726989
2662262
42253
2508722
743836
2742145
342948
1535208
2771012
2722752
563177
496014
515350
2054227
2984338
1868325
3015999
1641402
110319
1442553
2739057
3061627
347534
3034230
2773264
156980
3002643
2733488
2020312
927083
3026424
2925318
2816956
467976
3056648
2584467
1813880
2879427
1032623
748197
3015995
1032851
2017485
1078471
329854
2678259
2606912
2991075
2914159
624315
46165
3020906
361183
2857058
2654282
2732249
3049069
2527964
3023370
3039153
2842357
1750535
2999067
1908
410
2851567
2779775
2665642
2710756
1335043
3075198
2867012
42881
2565531
33046
2932773
271420
2746932
1906274
1792508
370524
1853699
1522758
1176536
2175650
2917724
2714844
2870860
44010
364317
463024
715451
33050
31963
2175648
1517554
652722
3059082
286802
2583243
184748
889453
1914525
2001
215813
2268449
3031998
2211211
1881
651143
1798223
2929795
3002436
397260
126734
311180
2973977
11
2792008
1550579
1783515
2962673
479978
755307
715472
2014
2185142
394964
2072406
2872646
2561924
158627
200454
2029849
904039
266062
2768068
2211210
68214
60920
2804617
475662
3074430
1038856
1804990
2871165
146826
2944128
2762325
2870750
1931241
3036374
1003110
715475
1967
2774562
2898442
1577075
103855
2987688
1711
2979468
304895
1869241
40988
2171623
172827
2829501
588898
700274
310581
33889
2930199
289370
192
2752515
1404443
1710539
2867264
361575
2953987
36808
188932
1892855
104336
1484116
53359
2017685
515393
39691
2749991
660522
290400
227866
3034029
2730915
2904243
191495
1866
2728827
2991728
2925842
716925
2662028
1276
2896849
710705
2836373
1823
2866808
3039801
648999
69
68200
2014541
504468
2876190
1637862
2065379
1842535
2585716
273677
2919322
2708117
2675219
42684
487316
1503055
1076588
1050638
2603260
2691571
2992441
33888
1637853
2072505
141349
1435069
3061632
2927975
414996
2527995
1778
1280948
2719912
2904790
1653480
2864207
3017781
3034020
2681265
2937800
941907
3015149
1938605
39694
546871
2880219
391905
3068634
129921
2714931
1055104
271065
3073064
2986927
37326
1940690
2909587
2678260
2055889
2571749
2937787
2943498
442694
2592652
2045451
2774190
1353138
3075825
543877
84757
847
2762748
2126346
1353260
3026162
301375
2813577
80816
3009077
84159
2986835
1521117
2760083
285665
91915
2877940
2838157
45658
2865833
585423
3026420
879274
3022676
653931
43
1603606
2830998
46355
2202149
340320
1806885
2588711
119981
2058657
162426
3038927
2093834
1586287
1335048
2884876
716
376489
150123
3003271
3002901
2937286
3033808
2697032
2609255
135727
319707
1353147
212767
2737050
678932
2712223
1844006
1177712
68249
2303332
1325090
2294034
2547600
206403
1267768
1428684
3075627
60217
419476
3042299
3015996
3009078
2014742
2758710
115561
3015152
2954079
2675772
2598861
1824
2883126
3009083
475937
2954092
82380
52
2061
2885079
2898276
40318
67345
2845077
33910
84531
2985506
2964606
2203205
2732530
2282738
3016006
2970906
432329
1808979
2995145
2931382
191292
2218628
2872652
715473
1949083
1421430
2886046
2056258
1488356
103816
284035
38308
39960
424800
1883414
2806210
860235
659012
2591145
2949090
142058
1871049
2823693
3033811
2798724
1419277
2821536
1267766
2604047
2722751
362787
2751176
3033387
66374
160791
2015348
1541170
3012344
1649877
2025808
420402
2991729
332055
38310
121292
1582356
2714110
1880678
1549858
299146
36814
3050069
496057
2893469
1379270
3034026
1881069
2079792
394935
150026
1842537
453816
2582831
229731
3050286
3028735
1586232
702113
244734
183795
2971236
1184
3020829
36873
1442556
2724527
390989
940133
2826993
2994661
2931975
1715806
2857060
2715209
2745561
1105204
2954091
2911538
66969
75692
2817025
408
2041036
2744523
2932244
79601
2587844
2986837
2704652
1138194
1938334
2594913
2602070
2812560
1850238
41899
2731220
1917485
83627
1914461
98668
421
585425
2584466
1931275
33996
2995223
2831662
2587851
94
115808
2589888
2879621
3050637
2953753
3034024
330734
101192
331696
135740
185951
985043
574727
1871048
1542737
2842453
33052
2898796
2969247
2213015
2886040
416169
298654
3040509
662548
3016096
944492
225992
192073
402297
2726118
3037654
2182384
349751
709879
2894202
2996782
459526
501023
1774
1801
394751
170651
3075123
191302
265426
2675524
1538159
3020055
2802641
3003623
222819
2605989
1701090
81412
3060017
1259258
44255
2742132
33069
68175
3026968
2773308
254
2663859
1444770
3075605
255045
2871820
2044521
2233851
80860
1157947
3062449
1552759
1064539
2866592
2983230
1484109
95619
1897060
2953809
207340
2940492
2879939
1148509
1178825
1927
2708110
2567896
1930277
767452
430679
1703
361111
46351
33990
2499145
2905871
262209
86185
33903
2287
2685869
530584
2751171
593909
3059080
1545835
1245526
2928472
1240404
2546359
88724
1891644
712270
1604335
2815360
1566351
3073268
2021862
2835787
2895471
2760705
28184
409290
2487276
251699
1063
1591409
2509455
69656
2814292
152480
3039384
237610
563996
646637
2968084
2845509
406548
69964
2731552
367477
164451
2995166
1827580
2940302
2886821
1411117
1332264
137722
1306787
2866211
1858656
2213200
2764711
296
2675754
3004093
161895
1325111
36746
2184053
2547601
1896196
1008152
3016000
1333996
2896848
1749259
2762322
382
680247
66871
399736
38284
270351
1774216
2596913
76335
1945512
2831000
53360
971279
1076550
2966453
2596916
387341
2840180
391613
3074378
1872084
2587862
2528027
110539
60552
2997354
1325114
2077090
1404244
1592106
1911587
457921
1775
160699
1604004
47884
2134
2559597
1176646
2493680
568768
2233999
60520
2558174
3039386
650377
2997336
2843330
2152891
2219696
1288636
2746231
1457250
2986923
84023
2764185
717785
739141
225326
2811104
2979324
2840183
3053466
1176257
1561023
3036302
67824
3028710
2725563
1323731
2025349
2341117
3051119
2983215
3015151
2904253
2961570
1861
1076626
1564114
3028709
1736675
2027290
2860336
1943633
2684405
2859768
2865839
168471
171632
2875706
2842354
2055
250
607712
3074145
3042315
2033869
2570229
95301
1758689
70775
1281578
43057
869886
2878542
2724121
1609559
1348774
57480
83171
223967
2269
1911175
207949
1655645
2986928
420952
2493671
2585135
1410606
38303
1426
1076926
2247
420953
2951806
1263550
3015177
3049772
166935
1855880
1804
2527979
2708084
419475
1810504
171865
3028312
57320
426
302484
73010
2976823
1827469
2057246
1447062
3014784
2203204
370526
2579977
3041497
1232428
2217913
2933290
2590776
2654191
2983233
2364647
1385715
1288495
3038773
2906072
1930622
44930
2768069
2582914
2895818
2500546
74313
2116510
1842727
2290922
29448
2867408
1458307
2742131
1486034
2879515
3075432
1796
1789
2949664
42197
483
3052248
2883127
684552
1325115
2024608
2699395
373543
1404768
1472
370622
2547598
1945657
2599595
3045156
899
886343
231439
575200
2877941
2740185
84595
34029
3016090
1389922
2949093
1208324
376490
107327
133924
2899123
332411
1842539
142864
1390395
1858
2777556
2801030
116188
395598
2651974
28047
1984801
2017484
2615214
3030210
1797
2739434
2745482
1301032
2904119
2996826
260364
46679
1940319
1637869
2072414
34003
1328770
1773
2420306
1853690
2967130
2962047
2940488
2600320
2986920
2126553
2820808
2609667
488447
2813744
748247
2994496
2509614
184917
198620
1542730
470933
1891279
2750620
3064278
1316593
2038343
2968677
3026192
196162
2861288
470076
238836
2066133
2015316
48076
1618022
60550
1798193
2175622
2045452
1286180
2871170
296842
53413
488732
1867715
254955
1716143
2042057
680248
2865673
55213
2587849
930
1913577
2991940
447588
3019553
2598457
2799326
372663
1644130
2760089
2175655
2714942
2744474
2040586
2704467
2866279
2024551
2908642
188770
1263728
323415
1229164
2914710
545619
1855652
135719
101571
2597701
1940636
2714938
1842540
1391654
155177
1707785
553982
2987751
877455
374606
1384459
3064139
61652
2867410
333966
53408
1868589
1898733
424188
1528099
