up.CDvsHE
2660638
1756993
102862
2066049
2734275
33945
2845465
2774055
1354
2742653
2972763
1351
3035453
2845469
329381
1492
2845422
59310
3040201
2962679
2560430
2998079
1349410
1114970
71452
417368
2722820
2742626
1985339
395631
2897413
101564
2560544
315405
2956467
2844213
51288
438780
1985337
1306993
1985340
1985336
1985338
1282
2734045
2742641
2560422
2956501
2742671
1911008
2956504
2560448
2846205
1915310
2734156
2709390
1914856
1911010
2487150
2844188
2844132
2683822
2844186
2560759
2844252
2844129
2560462
2734154
2956503
2929509
2844126
2560438
2734155
2560761
2686364
2846105
2844209
1914853
1914208
1911009
2846204
2844187
36343
1914201
2980499
2861801
2681674
1911007
2844181
2844131
2844124
2049937
2742636
2844229
2734197
2844261
2844128
2843957
1914206
2844260
2844200
1891671
2844216
1914204
333965
2956497
2846681
1898684
1914854
2900297
10664
2844249
2560455
2844225
2843954
64186
2912630
2844191
2742625
2844196
3060154
45406
1914855
2530021
2777367
3015951
2945916
1827481
2956011
2956500
2844199
201847
3024247
2681309
2742657
2885687
1324864
2778056
2365039
2144178
1985326
2762426
2560464
2986524
1540823
2863832
566027
2873413
2697023
1985304
2072405
2956014
2762429
2500132
2844211
2778055
1255
2933779
2845079
2845452
1985327
2560423
2845138
2801553
2713293
2083055
2874627
2911367
2762427
2720029
2163016
2831893
2920934
2560058
373067
2754975
3068306
2560418
2742677
3044568
2678565
2831892
633415
2586965
1982225
2845131
2742643
2845392
1963026
2083300
2865787
990144
644007
2845451
59241
2845143
1684
2560506
1445858
399742
3025408
2320
2005696
935199
2733882
484429
2955874
2742675
1727196
1921119
1389192
1718158
2023057
2845453
2778060
2029293
2741553
2845404
55510
2935450
2845135
2775159
399185
2845160
1639133
1358
307466
2845393
3068308
1968541
1691904
2003316
2749808
338473
2939731
2956240
1636270
2950460
2845128
1980923
12402
588
1179669
2689102
2365027
3048188
1920110
2879149
2749432
1353
2560298
367825
3015150
2845475
2609252
88190
2845148
1232427
2849865
2735554
2562449
546367
61648
2864205
2782678
253237
2749961
158849
1574161
3047867
1532350
2614538
2955750
2845161
2845173
53345
2582830
1605
2489010
1906
3051615
53346
1582
1912897
2675726
2955555
2987533
2956054
1687
1819736
2546350
1510570
2949307
2971264
2955551
1158459
66228
2494701
1862962
1313
102684
2955739
200
257758
2742627
2864209
2487742
1702238
1906275
2975052
2846779
1188
2980108
1703250
197575
1042877
2587846
76759
2845165
1433513
2961531
1587
47715
33959
2482769
2845178
2162
3038077
2845415
1960083
2845092
2666183
489632
2845087
126385
1656
67827
458197
2919578
67825
2955548
28025
2598453
1855380
568766
2447890
2592815
2845407
1916917
2989727
2845443
155925
2866807
2845187
2953997
149016
28097
35799
1670455
2789425
2681861
267818
2955579
1314
2845074
2906062
413503
1967783
61646
2955712
1685
3075222
1851514
2955554
2594496
824
2811781
2749999
2954093
150055
1902136
1748967
1055101
2929514
2845080
391290
2845387
2576923
3038545
2697019
3061629
2942480
2819619
515256
79967
183417
712122
2995174
669041
1597
2859655
3034025
641148
2576376
1874277
2724122
1796652
1198456
2744574
2675707
310769
2845390
2891570
2770788
33040
301
2955765
1005665
46125
78258
521720
61858
1615494
2682455
158877
213419
2494234
3050246
712310
2804758
29486
1177216
409322
2845171
2053832
712624
29575
2845472
2847299
2734038
307643
46632
2100821
2940301
2756133
160453
2845450
28171
83191
689
1659
1335
2866628
2594459
1118153
2836161
2518973
2217832
53407
2695882
758782
1679444
2337
60548
418240
28141
2731112
1598
29438
1505597
2072407
155194
535744
1505757
2845397
712633
2927224
673372
933262
2485124
2830990
1796613
2675054
712623
1825069
1604
2338073
2259622
69218
2836432
550
683735
2845463
3002962
1573676
28104
2893572
1660
203
2845398
2420310
446692
2223
2579935
118562
2878151
2219057
1363
2845458
1872114
297
1605721
1050635
1796606
413497
1274359
943830
470932
43675
2845103
3028807
2864208
2942908
1564681
204
1308
2789424
2972784
137732
176292
2955510
2972775
2690380
519
3041619
2605424
146939
2986951
56812
220697
47877
1743165
586733
2434
1478019
29360
227
2759692
2890321
2980099
1389223
82977
2724468
187327
2795384
2866384
172042
2738983
3032579
349971
1795874
1852377
490759
1678129
2844671
282217
818
371601
2584944
2934937
563
2907624
1310165
2153354
92647
2707174
2955552
2983842
2955741
42879
1486991
1538158
556053
43768
76258
197614
550984
2953746
2493633
2741720
116718
416213
1382
2811788
148813
2607662
2707005
1359
1823759
1364
2823875
158823
631
213769
2708053
1118202
1583
2730360
1636720
1611770
580
844
2778550
2762577
649756
651740
2686210
490
322095
28026
2914983
2026186
2950541
565
2985571
290335
444612
2662065
61592
227945
32013
2993455
516075
2497860
386911
1224749
2955996
132604
1032
208223
52774
2494548
134536
182337
2608982
1813019
1334193
2824673
866790
3042028
1855619
2976818
2009331
1922785
1917441
2572088
2755559
69525
2734105
2735906
1681
994692
712361
205844
3053904
1335613
2762277
2774015
496
735
2982691
554
2996261
1842536
2547962
254839
1436290
61645
2745510
2055892
1344094
44009
571256
35814
2650158
3059027
1173280
470934
665914
2082386
675090
712116
2081702
2583822
75588
434010
2067958
2666139
573570
931100
1743174
29483
2913412
2100422
2992805
434014
2845180
587
2883107
57975
219574
1562974
182262
1913979
1759399
256839
2845158
2271
1914871
753
29581
2512235
2955549
2866715
2814653
114527
649161
544580
1678309
51101
1758374
53336
1325112
2745498
134287
1082851
2912315
2785913
2879107
1234680
1981174
2845094
2823905
1682490
384636
2772253
2845444
111015
105560
2737173
223919
2799325
2103230
2714946
2184083
2763022
85643
2841264
326523
255519
2654982
2518644
2796140
29494
1938606
2845434
556259
51669
66269
2675053
57037
2792978
2026193
656179
2716225
94122
158822
2093824
2911539
2072025
2748865
2653200
3043330
1494466
2608999
421767
199683
3072977
2257
1628248
2495430
2991418
2303505
1600
172049
3046670
1658672
529
41997
2867010
28251
2057743
658630
33994
831
2100116
636
47917
2005703
1750
2496266
653940
2845432
2382161
2837969
821
92172
2735134
38286
1198301
2810196
3073964
2067415
451
497727
881260
1622
88431
2730847
2763540
2878680
2993564
1884915
90245
2986281
452627
29389
3032584
521520
1288
2030797
137591
1325107
2741953
3059076
706438
42094
1776741
1582439
2745504
1768242
2516557
2740404
2724191
758826
1303590
28446
2884455
2734248
1296540
512649
2996112
2725560
2983236
2732593
2979467
2054915
1052
1484693
1267217
83263
342950
807
56450
1441386
2896845
2689109
868131
1134435
2962065
2682487
80869
1501392
2133959
283686
1573720
2490855
2898725
1778540
2071710
104955
1904944
2500532
1428
33060
36863
2339259
3034358
307486
915099
1453352
187878
1785145
1776384
47878
1324796
179879
2843645
2778064
553
2590775
136609
300
93222
2697033
585
333962
311231
114880
1780
999141
2949993
2715212
2899133
83683
2962597
2764705
2654249
338565
945
2781023
2067959
33995
1985182
2517362
46541
1472345
2845438
104623
2583805
3020899
2746230
195248
512402
47671
151781
2897334
2781021
2962672
2028345
1550241
2954084
596095
169427
994695
488731
